Writing File: I2SC1_CLOCK_Calc_96Khz_32bit_stereo.txt to c:/Microchip/harmony/h3_V350us/audio/apps

    Find d, m, d2, given:

    MAINCK = 12000000.000 Mhz
    UPLLCKDIV = MAINCK*<1,40>/2 
    Master Clock (MCK) = UPLLCKDIV/DIV<1,2,3,4,8,16,32,64>/DIV_<1,2,3,4>
    
    CODEC_DIV  = 256
    FRAME_SIZE = 64
    Fs(est) = GCLK/CODEC_DIV

 
    d=<1-255>
    m=<1-63>
    d2=<1-256>

    PLLA Clock (PLLACK) = (m/d)*MAINCK
    I2S1 Generic Clock (GCLK) = PLAACK/d2
    Peripheral Clock PCKx = <PLLACK>/d2
    
    NOTE:  PCKx and GCLK are set to the same value.
    
CLOCK GENERATION Values (d,m,d2) with +/- 0.20 % error

==================================================================
FULL SEARCH for Fs = 8000 Hz
COMPLETED SEARCH with 24480 iterations with bestPer= 0.013(i=14957) 
CLOCK CONFIGURATION VALUES to estimate Fs = 8000 Hz (i=14957) 

  d,    m,    d2,       PLLACK,       GCLK,   BCLK,  Fs(est),     %Err
  1,   23,   135,    276000000,    2044444, 2044444,     7986,  -0.1750
  2,   46,   135,    276000000,    2044444, 2044444,     7986,  -0.1750
  3,   46,    90,    184000000,    2044444, 2044444,     7986,  -0.1750
  1,   38,   223,    456000000,    2044843, 2044843,     7987,  -0.1625
  2,   61,   179,    366000000,    2044692, 2044692,     7987,  -0.1625
  1,   15,    88,    180000000,    2045454, 2045454,     7990,  -0.1250
  1,   30,   176,    360000000,    2045454, 2045454,     7990,  -0.1250
  2,   30,    88,    180000000,    2045454, 2045454,     7990,  -0.1250
  2,   45,   132,    270000000,    2045454, 2045454,     7990,  -0.1250
  2,   60,   176,    360000000,    2045454, 2045454,     7990,  -0.1250
  3,   45,    88,    180000000,    2045454, 2045454,     7990,  -0.1250
  4,   60,    88,    180000000,    2045454, 2045454,     7990,  -0.1250
  1,   37,   217,    444000000,    2046082, 2046082,     7992,  -0.1000
  2,   59,   173,    354000000,    2046242, 2046242,     7993,  -0.0875
  1,   22,   129,    264000000,    2046511, 2046511,     7994,  -0.0750
  2,   44,   129,    264000000,    2046511, 2046511,     7994,  -0.0750
  3,   44,    86,    176000000,    2046511, 2046511,     7994,  -0.0750
  1,   29,   170,    348000000,    2047058, 2047058,     7996,  -0.0500
  2,   29,    85,    174000000,    2047058, 2047058,     7996,  -0.0500
  2,   58,   170,    348000000,    2047058, 2047058,     7996,  -0.0500
  4,   58,    85,    174000000,    2047058, 2047058,     7996,  -0.0500
  1,   36,   211,    432000000,    2047393, 2047393,     7997,  -0.0375
  2,   43,   126,    258000000,    2047619, 2047619,     7998,  -0.0250
  3,   43,    84,    172000000,    2047619, 2047619,     7998,  -0.0250
  2,   57,   167,    342000000,    2047904, 2047904,     7999,  -0.0125
  1,   14,    82,    168000000,    2048780, 2048780,     8003,   0.0375
  1,   21,   123,    252000000,    2048780, 2048780,     8003,   0.0375
  1,   28,   164,    336000000,    2048780, 2048780,     8003,   0.0375
  1,   35,   205,    420000000,    2048780, 2048780,     8003,   0.0375
  2,   28,    82,    168000000,    2048780, 2048780,     8003,   0.0375
  2,   42,   123,    252000000,    2048780, 2048780,     8003,   0.0375
  2,   56,   164,    336000000,    2048780, 2048780,     8003,   0.0375
  3,   42,    82,    168000000,    2048780, 2048780,     8003,   0.0375
  4,   56,    82,    168000000,    2048780, 2048780,     8003,   0.0375
  2,   55,   161,    330000000,    2049689, 2049689,     8006,   0.0750
  3,   62,   121,    248000000,    2049586, 2049586,     8006,   0.0750
  1,   41,   240,    492000000,    2050000, 2050000,     8007,   0.0875
  2,   41,   120,    246000000,    2050000, 2050000,     8007,   0.0875
  3,   41,    80,    164000000,    2050000, 2050000,     8007,   0.0875
  1,   34,   199,    408000000,    2050251, 2050251,     8008,   0.1000
  3,   61,   119,    244000000,    2050420, 2050420,     8009,   0.1125
  1,   27,   158,    324000000,    2050632, 2050632,     8010,   0.1250
  2,   27,    79,    162000000,    2050632, 2050632,     8010,   0.1250
  2,   54,   158,    324000000,    2050632, 2050632,     8010,   0.1250
  4,   54,    79,    162000000,    2050632, 2050632,     8010,   0.1250
  1,   20,   117,    240000000,    2051282, 2051282,     8012,   0.1500
  1,   40,   234,    480000000,    2051282, 2051282,     8012,   0.1500
  2,   40,   117,    240000000,    2051282, 2051282,     8012,   0.1500
  3,   40,    78,    160000000,    2051282, 2051282,     8012,   0.1500
  3,   60,   117,    240000000,    2051282, 2051282,     8012,   0.1500
  1,   33,   193,    396000000,    2051813, 2051813,     8014,   0.1750
  2,   53,   155,    318000000,    2051612, 2051612,     8014,   0.1750

==================================================================
FULL SEARCH for Fs = 16000 Hz
COMPLETED SEARCH with 24480 iterations with bestPer= 0.019(i=11283) 
CLOCK CONFIGURATION VALUES to estimate Fs = 16000 Hz (i=11283) 

  d,    m,    d2,       PLLACK,       GCLK,   BCLK,  Fs(est),     %Err
  3,   46,    45,    184000000,    4088888, 4088888,    15972,  -0.1750
  1,   15,    44,    180000000,    4090909, 4090909,    15980,  -0.1250
  1,   30,    88,    360000000,    4090909, 4090909,    15980,  -0.1250
  2,   30,    44,    180000000,    4090909, 4090909,    15980,  -0.1250
  2,   45,    66,    270000000,    4090909, 4090909,    15980,  -0.1250
  2,   60,    88,    360000000,    4090909, 4090909,    15980,  -0.1250
  3,   45,    44,    180000000,    4090909, 4090909,    15980,  -0.1250
  4,   60,    44,    180000000,    4090909, 4090909,    15980,  -0.1250
  3,   44,    43,    176000000,    4093023, 4093023,    15988,  -0.0750
  1,   29,    85,    348000000,    4094117, 4094117,    15992,  -0.0500
  2,   58,    85,    348000000,    4094117, 4094117,    15992,  -0.0500
  2,   43,    63,    258000000,    4095238, 4095238,    15997,  -0.0187
  3,   43,    42,    172000000,    4095238, 4095238,    15997,  -0.0187
  1,   14,    41,    168000000,    4097560, 4097560,    16006,   0.0375
  1,   28,    82,    336000000,    4097560, 4097560,    16006,   0.0375
  2,   28,    41,    168000000,    4097560, 4097560,    16006,   0.0375
  2,   56,    82,    336000000,    4097560, 4097560,    16006,   0.0375
  3,   42,    41,    168000000,    4097560, 4097560,    16006,   0.0375
  4,   56,    41,    168000000,    4097560, 4097560,    16006,   0.0375
  1,   41,   120,    492000000,    4100000, 4100000,    16015,   0.0938
  2,   41,    60,    246000000,    4100000, 4100000,    16015,   0.0938
  3,   41,    40,    164000000,    4100000, 4100000,    16015,   0.0938
  1,   27,    79,    324000000,    4101265, 4101265,    16020,   0.1250
  2,   54,    79,    324000000,    4101265, 4101265,    16020,   0.1250
  1,   40,   117,    480000000,    4102564, 4102564,    16025,   0.1562
  3,   40,    39,    160000000,    4102564, 4102564,    16025,   0.1562

==================================================================
FULL SEARCH for Fs = 22050 Hz
COMPLETED SEARCH with 24480 iterations with bestPer= 0.036(i=544) 
CLOCK CONFIGURATION VALUES to estimate Fs = 22050 Hz (i=544) 

  d,    m,    d2,       PLLACK,       GCLK,   BCLK,  Fs(est),     %Err
  1,   31,    66,    372000000,    5636363, 5636363,    22017,  -0.1497
  2,   31,    33,    186000000,    5636363, 5636363,    22017,  -0.1497
  2,   62,    66,    372000000,    5636363, 5636363,    22017,  -0.1497
  3,   62,    44,    248000000,    5636363, 5636363,    22017,  -0.1497
  4,   62,    33,    186000000,    5636363, 5636363,    22017,  -0.1497
  1,   39,    83,    468000000,    5638554, 5638554,    22025,  -0.1134
  2,   47,    50,    282000000,    5640000, 5640000,    22031,  -0.0862
  3,   55,    39,    220000000,    5641025, 5641025,    22035,  -0.0680
  1,   16,    34,    192000000,    5647058, 5647058,    22058,   0.0363
  1,   24,    51,    288000000,    5647058, 5647058,    22058,   0.0363
  1,   32,    68,    384000000,    5647058, 5647058,    22058,   0.0363
  1,   40,    85,    480000000,    5647058, 5647058,    22058,   0.0363
  2,   32,    34,    192000000,    5647058, 5647058,    22058,   0.0363
  2,   48,    51,    288000000,    5647058, 5647058,    22058,   0.0363
  3,   48,    34,    192000000,    5647058, 5647058,    22058,   0.0363
  2,   49,    52,    294000000,    5653846, 5653846,    22085,   0.1587
  1,   41,    87,    492000000,    5655172, 5655172,    22090,   0.1814
  3,   41,    29,    164000000,    5655172, 5655172,    22090,   0.1814

==================================================================
FULL SEARCH for Fs = 32000 Hz
COMPLETED SEARCH with 24480 iterations with bestPer= 0.019(i=17106) 
CLOCK CONFIGURATION VALUES to estimate Fs = 32000 Hz (i=17106) 

  d,    m,    d2,       PLLACK,       GCLK,   BCLK,  Fs(est),     %Err
  1,   15,    22,    180000000,    8181818, 8181818,    31960,  -0.1250
  1,   30,    44,    360000000,    8181818, 8181818,    31960,  -0.1250
  2,   30,    22,    180000000,    8181818, 8181818,    31960,  -0.1250
  2,   45,    33,    270000000,    8181818, 8181818,    31960,  -0.1250
  2,   60,    44,    360000000,    8181818, 8181818,    31960,  -0.1250
  3,   45,    22,    180000000,    8181818, 8181818,    31960,  -0.1250
  4,   60,    22,    180000000,    8181818, 8181818,    31960,  -0.1250
  3,   43,    21,    172000000,    8190476, 8190476,    31994,  -0.0187
  1,   28,    41,    336000000,    8195121, 8195121,    32012,   0.0375
  2,   56,    41,    336000000,    8195121, 8195121,    32012,   0.0375
  1,   41,    60,    492000000,    8200000, 8200000,    32031,   0.0969
  2,   41,    30,    246000000,    8200000, 8200000,    32031,   0.0969
  3,   41,    20,    164000000,    8200000, 8200000,    32031,   0.0969

==================================================================
FULL SEARCH for Fs = 44100 Hz
COMPLETED SEARCH with 24480 iterations with bestPer= 0.039(i=527) 
CLOCK CONFIGURATION VALUES to estimate Fs = 44100 Hz (i=527) 

  d,    m,    d2,       PLLACK,       GCLK,   BCLK,  Fs(est),     %Err
  1,   31,    33,    372000000,   11272727, 11272727,    44034,  -0.1497
  2,   62,    33,    372000000,   11272727, 11272727,    44034,  -0.1497
  3,   62,    22,    248000000,   11272727, 11272727,    44034,  -0.1497
  2,   47,    25,    282000000,   11280000, 11280000,    44062,  -0.0862
  1,   16,    17,    192000000,   11294117, 11294117,    44117,   0.0385
  1,   32,    34,    384000000,   11294117, 11294117,    44117,   0.0385
  2,   32,    17,    192000000,   11294117, 11294117,    44117,   0.0385
  3,   48,    17,    192000000,   11294117, 11294117,    44117,   0.0385
  2,   49,    26,    294000000,   11307692, 11307692,    44170,   0.1587

==================================================================
FULL SEARCH for Fs = 48000 Hz
COMPLETED SEARCH with 24480 iterations with bestPer= 0.019(i=11241) 
CLOCK CONFIGURATION VALUES to estimate Fs = 48000 Hz (i=11241) 

  d,    m,    d2,       PLLACK,       GCLK,   BCLK,  Fs(est),     %Err
  3,   46,    15,    184000000,   12266666, 12266666,    47916,  -0.1750
  2,   45,    22,    270000000,   12272727, 12272727,    47940,  -0.1250
  2,   43,    21,    258000000,   12285714, 12285714,    47991,  -0.0187
  3,   43,    14,    172000000,   12285714, 12285714,    47991,  -0.0187
  1,   41,    40,    492000000,   12300000, 12300000,    48046,   0.0958
  2,   41,    20,    246000000,   12300000, 12300000,    48046,   0.0958
  1,   40,    39,    480000000,   12307692, 12307692,    48076,   0.1583
  3,   40,    13,    160000000,   12307692, 12307692,    48076,   0.1583

==================================================================
FULL SEARCH for Fs = 88200 Hz
COMPLETED SEARCH with 24480 iterations with bestPer= 0.040(i=4607) 
CLOCK CONFIGURATION VALUES to estimate Fs = 88200 Hz (i=4607) 

  d,    m,    d2,       PLLACK,       GCLK,   BCLK,  Fs(est),     %Err
  3,   62,    11,    248000000,   22545454, 22545454,    88068,  -0.1497
  1,   32,    17,    384000000,   22588235, 22588235,    88235,   0.0397
  2,   49,    13,    294000000,   22615384, 22615384,    88341,   0.1599

==================================================================
FULL SEARCH for Fs = 96000 Hz
COMPLETED SEARCH with 24480 iterations with bestPer= 0.019(i=17092) 
CLOCK CONFIGURATION VALUES to estimate Fs = 96000 Hz (i=17092) 

  d,    m,    d2,       PLLACK,       GCLK,   BCLK,  Fs(est),     %Err
  2,   45,    11,    270000000,   24545454, 24545454,    95880,  -0.1250
  3,   43,     7,    172000000,   24571428, 24571428,    95982,  -0.0187
  1,   41,    20,    492000000,   24600000, 24600000,    96093,   0.0969
  2,   41,    10,    246000000,   24600000, 24600000,    96093,   0.0969

==================================================================
FULL SEARCH for Fs = 19200 Hz
COMPLETED SEARCH with 24480 iterations with bestPer= 0.005(i=5183) 
CLOCK CONFIGURATION VALUES to estimate Fs = 19200 Hz (i=5183) 

  d,    m,    d2,       PLLACK,       GCLK,   BCLK,  Fs(est),     %Err
  1,   18,    44,    216000000,    4909090, 4909090,    19176,  -0.1250
  1,   27,    66,    324000000,    4909090, 4909090,    19176,  -0.1250
  1,   36,    88,    432000000,    4909090, 4909090,    19176,  -0.1250
  2,   27,    33,    162000000,    4909090, 4909090,    19176,  -0.1250
  2,   36,    44,    216000000,    4909090, 4909090,    19176,  -0.1250
  2,   45,    55,    270000000,    4909090, 4909090,    19176,  -0.1250
  2,   54,    66,    324000000,    4909090, 4909090,    19176,  -0.1250
  3,   54,    44,    216000000,    4909090, 4909090,    19176,  -0.1250
  4,   54,    33,    162000000,    4909090, 4909090,    19176,  -0.1250
  3,   43,    35,    172000000,    4914285, 4914285,    19196,  -0.0208
  1,   34,    83,    408000000,    4915662, 4915662,    19201,   0.0052
  2,   59,    72,    354000000,    4916666, 4916666,    19205,   0.0260
  3,   59,    48,    236000000,    4916666, 4916666,    19205,   0.0260
  4,   59,    36,    177000000,    4916666, 4916666,    19205,   0.0260
  1,   25,    61,    300000000,    4918032, 4918032,    19211,   0.0573
  2,   50,    61,    300000000,    4918032, 4918032,    19211,   0.0573
  1,   41,   100,    492000000,    4920000, 4920000,    19218,   0.0938
  2,   41,    50,    246000000,    4920000, 4920000,    19218,   0.0938
  1,   16,    39,    192000000,    4923076, 4923076,    19230,   0.1562
  1,   32,    78,    384000000,    4923076, 4923076,    19230,   0.1562
  2,   32,    39,    192000000,    4923076, 4923076,    19230,   0.1562
  3,   48,    39,    192000000,    4923076, 4923076,    19230,   0.1562

==================================================================
FULL SEARCH for Fs = 384000 Hz
COMPLETED SEARCH with 24480 iterations with bestPer= 0.098(i=6890) 
CLOCK CONFIGURATION VALUES to estimate Fs = 384000 Hz (i=6890) 

  d,    m,    d2,       PLLACK,       GCLK,   BCLK,  Fs(est),     %Err
  1,   41,     5,    492000000,   98400000, 98400000,   384375,   0.0977
